0.8045233488082886 -0.5477633476257324 -0.2295592576265335 0
0.518295407295227 0.8362587690353394 -0.17900031805038452 0
0.29002076387405396 0.025030432268977165 0.9566929936408997 0
0 0 0 1
