0.8128505349159241 -0.5287837386131287 -0.24425749480724335 0
0.33169421553611755 0.7649301886558533 -0.5521419644355774 0
0.4788036346435547 0.3677901029586792 0.7971684336662292 0
0 0 0 1
